280	0.0820	4.7309e-23	2.5361e-26
280.5000	0.0990	1.2307e-21	1.0917e-24
281	0.1500	5.6895e-21	6.1253e-24
281.5000	0.2120	1.5662e-19	2.7479e-22
282	0.2670	1.1946e-18	2.8346e-21
282.5000	0.3030	4.5436e-18	1.3271e-20
283	0.3250	1.8452e-17	6.7646e-20
283.5000	0.3230	3.5360e-17	1.4614e-19
284	0.2990	7.2670e-16	4.9838e-18
284.5000	0.2502	2.4856e-15	2.1624e-17
285	0.1759	8.0142e-15	8.9998e-17
285.5000	0.1550	4.2613e-14	6.4424e-16
286	0.2420	1.3684e-13	2.3503e-15
286.5000	0.3330	8.3823e-13	1.8458e-14
287	0.3620	2.7367e-12	7.2547e-14
287.5000	0.3390	1.0903e-11	3.6618e-13
288	0.3110	6.2337e-11	2.8061e-12
288.5000	0.3250	1.7162e-10	9.0651e-12
289	0.3920	5.6265e-10	3.4978e-11
289.5000	0.4790	2.0749e-09	1.5368e-10
290	0.5630	6.0168e-09	5.1454e-10
290.5000	0.6060	1.3783e-08	1.3303e-09
291	0.6180	3.5052e-08	3.8965e-09
291.5000	0.5980	1.0913e-07	1.4425e-08
292	0.5670	2.6830e-07	4.0789e-08
292.5000	0.5290	4.2685e-07	7.0414e-08
293	0.5380	8.6466e-07	1.5760e-07
293.5000	0.5490	2.2707e-06	4.7095e-07
294	0.5330	4.1744e-06	9.4558e-07
294.5000	0.5200	6.5911e-06	1.5965e-06
295	0.5270	1.2290e-05	3.2246e-06
295.5000	0.5590	2.7826e-05	8.0206e-06
296	0.5730	4.7904e-05	1.4737e-05
296.5000	0.5210	7.1345e-05	2.3312e-05
297	0.4780	9.6800e-05	3.3187e-05
297.5000	0.5290	1.8608e-04	6.7912e-05
298	0.5280	2.8988e-04	1.1127e-04
298.5000	0.4680	3.5789e-04	1.4270e-04
299	0.4720	4.9211e-04	2.0323e-04
299.5000	0.5010	8.6068e-04	3.7386e-04
300	0.4579	0.0010	4.5631e-04
300.5000	0.4330	0.0012	5.7207e-04
301	0.4630	0.0019	9.1926e-04
301.5000	0.4776	0.0027	0.0013
302	0.4490	0.0029	0.0015
302.5000	0.5080	0.0043	0.0022
303	0.6120	0.0071	0.0037
303.5000	0.6460	0.0090	0.0048
304	0.6210	0.0095	0.0051
304.5000	0.6260	0.0120	0.0065
305	0.6420	0.0165	0.0089
305.5000	0.6110	0.0187	0.0102
306	0.5650	0.0186	0.0102
306.5000	0.5750	0.0211	0.0116
307	0.6050	0.0278	0.0152
307.5000	0.6310	0.0356	0.0195
308	0.6450	0.0378	0.0208
308.5000	0.6405	0.0414	0.0228
309	0.5800	0.0405	0.0223
309.5000	0.5000	0.0433	0.0237
310	0.5330	0.0509	0.0278
310.5000	0.6520	0.0655	0.0359
311	0.7620	0.0829	0.0454
311.5000	0.7440	0.0841	0.0462
312	0.7062	0.0934	0.0509
312.5000	0.6760	0.0990	0.0538
313	0.6940	0.1073	0.0583
313.5000	0.7240	0.1076	0.0590
314	0.7170	0.1197	0.0653
314.5000	0.6760	0.1306	0.0705
315	0.6845	0.1363	0.0737
315.5000	0.6320	0.1184	0.0648
316	0.5870	0.1235	0.0671
316.5000	0.6490	0.1504	0.0811
317	0.7390	0.1716	0.0930
317.5000	0.8019	0.1825	0.0997
318	0.7236	0.1759	0.0958
318.5000	0.6800	0.1859	0.1001
319	0.7058	0.2047	0.1097
319.5000	0.7332	0.1959	0.1069
320	0.7750	0.2053	0.1128
320.5000	0.8260	0.2453	0.1331
321	0.7655	0.2502	0.1341
321.5000	0.7190	0.2384	0.1282
322	0.7351	0.2220	0.1220
322.5000	0.7115	0.2171	0.1197
323	0.6490	0.2123	0.1162
323.5000	0.6814	0.2486	0.1339
324	0.7405	0.2754	0.1485
324.5000	0.7880	0.2832	0.1547
325	0.8292	0.2789	0.1550
325.5000	0.9138	0.3244	0.1794
326	0.9984	0.3812	0.2087
326.5000	1.0166	0.4072	0.2216
327	1.0047	0.3981	0.2183
327.5000	0.9868	0.3847	0.2129
328	0.9568	0.3512	0.1977
328.5000	0.9340	0.3716	0.2068
329	1.0046	0.4224	0.2330
329.5000	1.0958	0.4688	0.2586
330	1.1098	0.4714	0.2619
330.5000	1.0429	0.4280	0.2410
331	0.9910	0.4026	0.2284
331.5000	0.9940	0.4181	0.2364
332	0.9928	0.4362	0.2451
332.5000	0.9800	0.4392	0.2466
333	0.9639	0.4294	0.2426
333.5000	0.9370	0.4072	0.2327
334	0.9556	0.4150	0.2382
334.5000	0.9886	0.4451	0.2543
335	1.0097	0.4639	0.2648
335.5000	0.9745	0.4531	0.2589
336	0.8898	0.4152	0.2381
336.5000	0.8290	0.3821	0.2210
337	0.8180	0.3738	0.2177
337.5000	0.8773	0.4005	0.2343
338	0.9253	0.4341	0.2532
338.5000	0.9578	0.4553	0.2655
339	0.9686	0.4636	0.2710
339.5000	0.9890	0.4745	0.2785
340	1.0544	0.5018	0.2966
340.5000	1.0463	0.5007	0.2967
341	0.9710	0.4714	0.2793
341.5000	0.9590	0.4694	0.2785
342	0.9957	0.4893	0.2912
342.5000	1.0277	0.5077	0.3030
343	1.0417	0.5149	0.3086
343.5000	0.9830	0.4861	0.2925
344	0.8542	0.4184	0.2535
344.5000	0.8130	0.4031	0.2444
345	0.9158	0.4590	0.2785
345.5000	0.9702	0.4893	0.2976
346	0.9427	0.4778	0.2913
346.5000	0.9559	0.4866	0.2975
347	0.9695	0.4940	0.3032
347.5000	0.9332	0.4767	0.2935
348	0.9247	0.4751	0.2931
348.5000	0.9372	0.4834	0.2988
349	0.8990	0.4656	0.2886
349.5000	0.9197	0.4781	0.2972
350	1.0122	0.5280	0.3291
350.5000	1.0849	0.5674	0.3547
351	1.0534	0.5517	0.3460
351.5000	1.0129	0.5302	0.3339
352	0.9838	0.5179	0.3267
352.5000	0.9260	0.4896	0.3095
353	0.9801	0.5204	0.3298
353.5000	1.0752	0.5723	0.3635
354	1.1346	0.6050	0.3852
354.5000	1.1440	0.6116	0.3904
355	1.1406	0.6114	0.3914
355.5000	1.0964	0.5903	0.3788
356	1.0250	0.5539	0.3563
356.5000	0.9591	0.5194	0.3350
357	0.8420	0.4567	0.2953
357.5000	0.8502	0.4622	0.2995
358	0.7892	0.4301	0.2794
358.5000	0.7310	0.3993	0.2600
359	0.8581	0.4695	0.3065
359.5000	1.0321	0.5655	0.3701
360	1.0890	0.5982	0.3924
360.5000	1.0265	0.5653	0.3717
361	0.9415	0.5202	0.3428
361.5000	0.9180	0.5096	0.3365
362	0.9580	0.5342	0.3535
362.5000	1.0450	0.5851	0.3880
363	1.0710	0.6019	0.4001
363.5000	1.0380	0.5854	0.3899
364	1.0716	0.6063	0.4047
364.5000	1.0590	0.6006	0.4018
365	1.0970	0.6236	0.4181
365.5000	1.2041	0.6863	0.4611
366	1.2860	0.7353	0.4951
366.5000	1.2843	0.7366	0.4969
367	1.2577	0.7229	0.4887
367.5000	1.2317	0.7091	0.4804
368	1.1570	0.6676	0.4532
368.5000	1.1459	0.6631	0.4511
369	1.1944	0.6932	0.4724
369.5000	1.2795	0.7447	0.5086
370	1.2934	0.7551	0.5167
370.5000	1.1660	0.6826	0.4680
371	1.1811	0.6934	0.4763
371.5000	1.2249	0.7205	0.4959
372	1.1444	0.6744	0.4651
372.5000	1.0876	0.6425	0.4439
373	1.0445	0.6189	0.4283
373.5000	0.9390	0.5579	0.3868
374	0.9344	0.5564	0.3865
374.5000	0.9250	0.5523	0.3844
375	0.9850	0.5893	0.4109
375.5000	1.0874	0.6516	0.4551
376	1.1240	0.6748	0.4722
376.5000	1.1040	0.6639	0.4654
377	1.1813	0.7123	0.5001
377.5000	1.3149	0.7946	0.5589
378	1.4144	0.8560	0.6031
378.5000	1.3765	0.8342	0.5889
379	1.2260	0.7439	0.5262
379.5000	1.0980	0.6668	0.4726
380	1.1520	0.7008	0.4975
380.5000	1.2310	0.7508	0.5340
381	1.2490	0.7638	0.5442
381.5000	1.1224	0.6884	0.4914
382	0.9543	0.5868	0.4196
382.5000	0.8231	0.5076	0.3636
383	0.7360	0.4550	0.3265
383.5000	0.7110	0.4405	0.3166
384	0.8210	0.5097	0.3669
384.5000	0.9862	0.6136	0.4424
385	1.0802	0.6736	0.4864
385.5000	1.0296	0.6436	0.4655
386	0.9911	0.6210	0.4498
386.5000	1.0279	0.6457	0.4685
387	1.0354	0.6515	0.4734
387.5000	1.0186	0.6420	0.4673
388	1.0067	0.6358	0.4635
388.5000	0.9974	0.6314	0.4610
389	1.0810	0.6854	0.5012
389.5000	1.1958	0.7597	0.5564
390	1.2519	0.7970	0.5846
390.5000	1.2601	0.8037	0.5904
391	1.3322	0.8514	0.6263
391.5000	1.3490	0.8634	0.6362
392	1.2400	0.7949	0.5866
392.5000	1.0312	0.6626	0.4896
393	0.7450	0.4798	0.3550
393.5000	0.5912	0.3815	0.2827
394	0.7668	0.4957	0.3678
394.5000	1.0557	0.6839	0.5081
395	1.2450	0.8077	0.6010
395.5000	1.3245	0.8604	0.6410
396	1.1626	0.7566	0.5644
396.5000	0.8433	0.5502	0.4110
397	0.6520	0.4262	0.3188
397.5000	0.9614	0.6295	0.4715
398	1.3010	0.8525	0.6394
398.5000	1.5342	1.0069	0.7562
399	1.6245	1.0693	0.8041
399.5000	1.6717	1.1021	0.8298
400	1.6885	1.1141	0.8399
401	1.7520	1.1603	0.8769
402	1.8140	1.2061	0.9139
403	1.7400	1.1613	0.8821
404	1.7630	1.1801	0.8985
405	1.7150	1.1511	0.8785
406	1.6660	1.1227	0.8588
407	1.6300	1.1026	0.8455
408	1.6990	1.1514	0.8849
409	1.8090	1.2299	0.9472
410	1.5370	1.0485	0.8091
411	1.7150	1.1738	0.9077
412	1.8160	1.2478	0.9669
413	1.7392	1.1971	0.9295
414	1.7144	1.1842	0.9213
415	1.7688	1.2258	0.9557
416	1.8150	1.2624	0.9863
417	1.7660	1.2312	0.9639
418	1.6850	1.1777	0.9239
419	1.7490	1.2258	0.9635
420	1.5990	1.1232	0.8847
421	1.8110	1.2757	1.0067
422	1.7820	1.2583	0.9950
423	1.7210	1.2184	0.9653
424	1.7080	1.2117	0.9618
425	1.7550	1.2488	0.9931
426	1.6990	1.2135	0.9667
427	1.6380	1.1724	0.9355
428	1.6510	1.1839	0.9463
429	1.5230	1.0963	0.8777
430	1.2120	0.8746	0.7013
431	1.0990	0.7939	0.6378
432	1.8220	1.3207	1.0628
433	1.6913	1.2288	0.9905
434	1.5600	1.1352	0.9165
435	1.7090	1.2452	1.0070
436	1.8680	1.3659	1.1061
437	1.9000	1.3943	1.1306
438	1.6630	1.2238	0.9937
439	1.6010	1.1775	0.9575
440	1.8300	1.3499	1.0993
441	1.7990	1.3313	1.0859
442	1.9220	1.4250	1.1640
443	1.9490	1.4453	1.1823
444	1.8941	1.4084	1.1537
445	1.9650	1.4619	1.1992
446	1.7557	1.3108	1.0766
447	1.9900	1.4903	1.2257
448	2.0140	1.5081	1.2422
449	2.0010	1.5045	1.2409
450	2.0690	1.5595	1.2881
451	2.1420	1.6173	1.3376
452	2.0470	1.5482	1.2822
453	1.8864	1.4297	1.1854
454	2.0180	1.5335	1.2730
455	2.0010	1.5224	1.2655
456	2.0630	1.5724	1.3088
457	2.0770	1.5854	1.3213
458	2.0320	1.5514	1.2946
459	2.0120	1.5391	1.2859
460	1.9973	1.5291	1.2791
461	2.0639	1.5827	1.3255
462	2.0780	1.5975	1.3392
463	2.0840	1.6031	1.3452
464	2.0150	1.5544	1.3055
465	1.9840	1.5350	1.2905
466	2.0210	1.5673	1.3190
467	1.9310	1.4973	1.2616
468	2.0120	1.5619	1.3178
469	2.0180	1.5682	1.3247
470	1.9390	1.5077	1.2749
471	1.9690	1.5331	1.2975
472	2.0700	1.6126	1.3661
473	1.9882	1.5499	1.3144
474	2.0120	1.5671	1.3304
475	2.0800	1.6185	1.3755
476	2.0120	1.5631	1.3299
477	2.0250	1.5724	1.3392
478	2.0860	1.6230	1.3839
479	2.0400	1.5916	1.3586
480	2.0680	1.6181	1.3825
481	2.0610	1.6177	1.3836
482	2.0623	1.6236	1.3899
483	2.0310	1.6038	1.3742
484	1.9890	1.5734	1.3492
485	1.9790	1.5683	1.3457
486	1.6010	1.2716	1.0918
487	1.7890	1.4241	1.2235
488	1.9350	1.5413	1.3252
489	1.8224	1.4519	1.2492
490	2.0320	1.6224	1.3968
491	1.9490	1.5595	1.3435
492	1.8560	1.4869	1.2818
493	1.9830	1.5903	1.3719
494	1.9339	1.5525	1.3402
495	2.0510	1.6485	1.4238
496	1.9490	1.5676	1.3548
497	1.9800	1.5944	1.3788
498	1.9240	1.5509	1.3421
499	1.9230	1.5507	1.3429
500	1.9160	1.5451	1.3391
501	1.8580	1.4978	1.2990
502	1.8600	1.4966	1.2991
503	1.9490	1.5653	1.3597
504	1.8330	1.4587	1.2682
505	1.9472	1.5635	1.3598
506	2.0250	1.6264	1.4153
507	1.9354	1.5560	1.3548
508	1.8800	1.5165	1.3210
509	1.9650	1.5893	1.3850
510	1.9100	1.5481	1.3497
511	1.9410	1.5769	1.3753
512	1.9890	1.6186	1.4125
513	1.8660	1.5206	1.3277
514	1.8240	1.4885	1.3003
515	1.8750	1.5314	1.3385
516	1.8910	1.5455	1.3514
517	1.5390	1.2594	1.1017
518	1.7590	1.4403	1.2605
519	1.7040	1.3957	1.2222
520	1.8600	1.5236	1.3349
521	1.8730	1.5346	1.3452
522	1.9150	1.5690	1.3760
523	1.8040	1.4789	1.2976
524	1.9410	1.5905	1.3962
525	1.9280	1.5781	1.3859
526	1.8740	1.5341	1.3479
527	1.6410	1.3417	1.1795
528	1.8800	1.5357	1.3508
529	1.9690	1.6071	1.4142
530	1.8920	1.5446	1.3598
531	1.9950	1.6292	1.4348
532	1.9580	1.5998	1.4094
533	1.7470	1.4286	1.2590
534	1.8690	1.5302	1.3491
535	1.8950	1.5535	1.3701
536	1.9740	1.6199	1.4292
537	1.8240	1.4989	1.3229
538	1.9130	1.5738	1.3896
539	1.8640	1.5352	1.3558
540	1.8000	1.4825	1.3096
541	1.7340	1.4251	1.2595
542	1.8880	1.5511	1.3714
543	1.8510	1.5256	1.3493
544	1.9190	1.5792	1.3971
545	1.8740	1.5435	1.3657
546	1.8609	1.5291	1.3536
547	1.8820	1.5490	1.3717
548	1.8260	1.5049	1.3331
549	1.8800	1.5520	1.3752
550	1.8630	1.5399	1.3648
551	1.8590	1.5382	1.3639
552	1.8960	1.5697	1.3923
553	1.8420	1.5250	1.3533
554	1.8780	1.5549	1.3802
555	1.8890	1.5634	1.3883
556	1.8570	1.5366	1.3651
557	1.8120	1.4988	1.3321
558	1.8530	1.5310	1.3613
559	1.7550	1.4483	1.2885
560	1.7860	1.4740	1.3118
561	1.8900	1.5595	1.3885
562	1.8010	1.4847	1.3225
563	1.8710	1.5408	1.3731
564	1.8360	1.5106	1.3466
565	1.8490	1.5201	1.3555
566	1.7500	1.4374	1.2823
567	1.8680	1.5320	1.3673
568	1.8590	1.5180	1.3554
569	1.8310	1.4807	1.3228
570	1.8280	1.4816	1.3240
571	1.7620	1.4331	1.2810
572	1.8720	1.5134	1.3534
573	1.8810	1.5198	1.3595
574	1.8730	1.5119	1.3527
575	1.8340	1.4777	1.3225
576	1.8180	1.4654	1.3118
577	1.8620	1.5023	1.3452
578	1.7990	1.4560	1.3040
579	1.8160	1.4770	1.3230
580	1.8340	1.5020	1.3455
581	1.8330	1.5089	1.3518
582	1.8520	1.5320	1.3729
583	1.8630	1.5479	1.3872
584	1.8540	1.5448	1.3845
585	1.8360	1.5324	1.3737
586	1.7920	1.4953	1.3409
587	1.8380	1.5281	1.3708
588	1.8210	1.4934	1.3403
589	1.6240	1.2894	1.1582
590	1.7218	1.3709	1.2316
591	1.8090	1.4662	1.3171
592	1.7880	1.4354	1.2900
593	1.7920	1.4561	1.3086
594	1.7890	1.4491	1.3029
595	1.7780	1.4308	1.2870
596	1.7960	1.4745	1.3260
597	1.8060	1.4788	1.3303
598	1.7720	1.4607	1.3142
599	1.7640	1.4606	1.3145
600	1.7700	1.4753	1.3278
601	1.7420	1.4579	1.3123
602	1.7150	1.4360	1.2928
603	1.7490	1.4664	1.3205
604	1.7790	1.4921	1.3439
605	1.7730	1.4895	1.3418
606	1.7580	1.4822	1.3353
607	1.7620	1.4911	1.3434
608	1.7510	1.4862	1.3392
609	1.7340	1.4749	1.3292
610	1.7240	1.4686	1.3237
611	1.7120	1.4611	1.3170
612	1.7360	1.4831	1.3370
613	1.7100	1.4621	1.3182
614	1.6550	1.4176	1.2783
615	1.7120	1.4697	1.3254
616	1.6640	1.4310	1.2906
617	1.6410	1.4128	1.2744
618	1.7020	1.4664	1.3228
619	1.7090	1.4733	1.3292
620	1.7110	1.4739	1.3299
621	1.7240	1.4802	1.3359
622	1.6784	1.4269	1.2882
623	1.6820	1.4165	1.2793
624	1.6670	1.4118	1.2751
625	1.6440	1.4026	1.2667
626	1.6400	1.4012	1.2655
627	1.6930	1.4417	1.3022
628	1.6930	1.3631	1.2328
629	1.6870	1.4114	1.2758
630	1.6650	1.3924	1.2589
631	1.6590	1.4161	1.2799
632	1.5901	1.3638	1.2327
633	1.6740	1.4508	1.3110
634	1.6370	1.4284	1.2907
635	1.6520	1.4458	1.3065
636	1.6093	1.4128	1.2768
637	1.6610	1.4610	1.3204
638	1.6650	1.4707	1.3292
639	1.6530	1.4646	1.3238
640	1.6130	1.4340	1.2962
641	1.6100	1.4348	1.2970
642	1.6090	1.4376	1.2995
643	1.6250	1.4525	1.3130
644	1.6140	1.4462	1.3074
645	1.6270	1.4567	1.3170
646	1.5910	1.4150	1.2797
647	1.6060	1.4086	1.2744
648	1.6020	1.3952	1.2625
649	1.5510	1.3519	1.2234
650	1.5260	1.3594	1.2299
651	1.6130	1.4447	1.3071
652	1.5910	1.3871	1.2558
653	1.5980	1.4311	1.2950
654	1.5750	1.4153	1.2807
655	1.5230	1.3499	1.2220
656	1.3233	1.1851	1.0727
657	1.3840	1.2393	1.1218
658	1.5390	1.3855	1.2540
659	1.5420	1.3905	1.2586
660	1.5580	1.3992	1.2668
661	1.5660	1.3933	1.2618
662	1.5710	1.3819	1.2518
663	1.5630	1.3844	1.2539
664	1.5540	1.3967	1.2647
665	1.5670	1.4214	1.2871
666	1.5550	1.4203	1.2860
667	1.5354	1.4102	1.2767
668	1.5348	1.4150	1.2810
669	1.5580	1.4394	1.3032
670	1.5340	1.4196	1.2853
671	1.5290	1.4169	1.2829
672	1.5060	1.3972	1.2651
673	1.5170	1.4094	1.2760
674	1.5130	1.4074	1.2742
675	1.4990	1.3958	1.2639
676	1.5150	1.4120	1.2786
677	1.5000	1.3991	1.2669
678	1.5070	1.4066	1.2737
679	1.4930	1.3947	1.2629
680	1.4940	1.3969	1.2650
681	1.4870	1.3915	1.2601
682	1.4930	1.3981	1.2662
683	1.4760	1.3830	1.2526
684	1.4660	1.3739	1.2445
685	1.4650	1.3748	1.2454
686	1.4330	1.3438	1.2174
687	1.4720	0.9682	0.8829
688	1.4760	1.1206	1.0195
689	1.4780	1.1278	1.0260
690	1.4790	1.1821	1.0746
691	1.4680	1.2333	1.1201
692	1.4540	1.2689	1.1516
693	1.4580	1.2609	1.1446
694	1.4570	1.2464	1.1318
695	1.4350	1.2714	1.1538
696	1.4420	1.2684	1.1513
697	1.4380	1.3403	1.2151
698	1.4170	1.3192	1.1961
699	1.4340	1.2918	1.1721
700	1.4220	1.2823	1.1636
701	1.4131	1.2659	1.1489
702	1.3987	1.2674	1.1500
703	1.4095	1.2747	1.1567
704	1.4187	1.3078	1.1864
705	1.4330	1.3214	1.1989
706	1.4138	1.3144	1.1925
707	1.4040	1.3090	1.1875
708	1.3990	1.3048	1.1839
709	1.3900	1.3095	1.1880
710	1.4040	1.3175	1.1954
711	1.3970	1.3155	1.1934
712	1.3818	1.3071	1.1856
713	1.3702	1.2918	1.1719
714	1.3819	1.3029	1.1823
715	1.3502	1.2587	1.1428
716	1.3694	1.2716	1.1548
717	1.3650	1.1071	1.0081
718	1.3570	1.0296	0.9387
719	1.3010	0.9232	0.8427
720	1.3487	0.9855	0.8994
721	1.3480	1.0861	0.9897
722	1.3600	1.2407	1.1281
723	1.3510	1.1444	1.0423
724	1.3607	1.0555	0.9631
725	1.3465	1.0380	0.9474
726	1.3429	1.0813	0.9864
727	1.3444	1.0850	0.9899
728	1.3370	1.0400	0.9497
729	1.2796	1.0466	0.9550
730	1.3357	1.1285	1.0294
731	1.3104	1.0703	0.9770
732	1.3333	1.1534	1.0520
733	1.3108	1.1962	1.0901
734	1.3390	1.2357	1.1261
735	1.3271	1.2178	1.1101
736	1.3100	1.2059	1.0994
737	1.3120	1.2039	1.0978
738	1.3000	1.2269	1.1184
739	1.2646	1.1905	1.0855
740	1.2830	1.2195	1.1119
741	1.2707	1.2148	1.1078
742	1.2649	1.2153	1.1084
743	1.2892	1.2405	1.1316
744	1.2955	1.2503	1.1408
745	1.2920	1.2497	1.1404
746	1.2892	1.2470	1.1381
747	1.2890	1.2477	1.1389
748	1.2808	1.2401	1.1323
749	1.2760	1.2357	1.1286
750	1.2740	1.2341	1.1273
751	1.2680	1.2286	1.1224
752	1.2720	1.2330	1.1265
753	1.2650	1.2266	1.1210
754	1.2809	1.2420	1.1353
755	1.2771	1.2383	1.1321
756	1.2610	1.2232	1.1185
757	1.2598	1.2221	1.1176
758	1.2680	1.2295	1.1246
759	1.2500	1.1945	1.0932
760	1.2590	0.2660	0.2472
761	1.2487	0.1540	0.1433
762	1.2460	0.6877	0.6349
763	1.2543	0.3795	0.3522
764	1.2566	0.5388	0.4989
765	1.2452	0.6860	0.6338
766	1.2000	0.8146	0.7508
767	1.2120	0.9742	0.8957
768	1.2310	1.1138	1.0222
769	1.2142	1.1278	1.0347
770	1.2146	1.1608	1.0646
771	1.2073	1.1686	1.0716
772	1.2120	1.1778	1.0802
773	1.2100	1.1771	1.0797
774	1.2090	1.1771	1.0800
775	1.2080	1.1771	1.0801
776	1.2102	1.1798	1.0827
777	1.2028	1.1727	1.0764
778	1.2014	1.1713	1.0754
779	1.2067	1.1765	1.0803
780	1.1930	1.1636	1.0687
781	1.1898	1.1607	1.0662
782	1.1950	1.1662	1.0714
783	1.1896	1.1614	1.0672
784	1.1810	1.1536	1.0602
785	1.1874	1.1586	1.0649
786	1.1890	1.1592	1.0656
787	1.1877	1.1450	1.0530
788	1.1800	1.1305	1.0399
789	1.1812	1.1257	1.0359
790	1.1704	1.0910	1.0045
791	1.1632	1.1058	1.0179
792	1.1500	1.0953	1.0084
793	1.1449	1.0875	1.0015
794	1.1260	1.0972	1.0101
795	1.1280	1.0932	1.0066
796	1.1427	1.0742	0.9899
797	1.1580	1.0913	1.0057
798	1.1501	1.1121	1.0245
799	1.1350	1.0905	1.0048
800	1.1248	1.0725	0.9886
801	1.1427	1.0843	0.9998
802	1.1422	1.0856	1.0011
803	1.1241	1.0657	0.9829
804	1.1342	1.0782	0.9945
805	1.1001	1.0545	0.9727
806	1.1309	1.0974	1.0122
807	1.1230	1.0859	1.0018
808	1.1162	1.0821	0.9984
809	1.0980	1.0548	0.9735
810	1.1100	1.0559	0.9749
811	1.1143	1.0533	0.9727
812	1.1160	1.0268	0.9488
813	1.1180	1.0086	0.9324
814	1.1174	0.9036	0.8368
815	1.1091	0.8952	0.8293
816	1.1050	0.8322	0.7717
817	1.1083	0.8518	0.7898
818	1.0861	0.8226	0.7630
819	1.0738	0.9052	0.8384
820	1.0740	0.8619	0.7990
821	1.0760	0.9976	0.9229
822	1.0560	0.9516	0.8808
823	1.0760	0.6727	0.6258
824	1.0715	0.9351	0.8662
825	1.0699	0.9694	0.8975
826	1.0759	0.9338	0.8653
827	1.0762	0.9847	0.9118
828	1.0749	0.8498	0.7887
829	1.0620	0.9293	0.8614
830	1.0563	0.9160	0.8493
831	1.0560	0.9239	0.8567
832	1.0550	0.8943	0.8296
833	1.0327	0.9565	0.8862
834	1.0459	0.9341	0.8661
835	1.0476	1.0032	0.9292
836	1.0597	0.9723	0.9014
837	1.0511	1.0092	0.9349
838	1.0549	0.9990	0.9259
839	1.0400	1.0013	0.9278
840	1.0500	1.0157	0.9412
841	1.0520	1.0101	0.9363
842	1.0287	0.9970	0.9241
843	1.0271	1.0053	0.9317
844	1.0140	0.9863	0.9143
845	1.0360	1.0165	0.9423
846	1.0370	1.0187	0.9445
847	1.0060	0.9917	0.9195
848	1.0110	0.9922	0.9201
849	1.0050	0.9860	0.9145
850	0.9100	0.8937	0.8290
851	0.9980	0.9749	0.9045
852	0.9900	0.9693	0.8994
853	0.9810	0.9649	0.8954
854	0.8690	0.8511	0.7900
855	0.9270	0.9130	0.8475
856	0.9902	0.9732	0.9034
857	1.0056	0.9917	0.9206
858	1.0070	0.9920	0.9209
859	1.0050	0.9917	0.9208
860	1	0.9882	0.9176
861	0.9990	0.9868	0.9165
862	1.0060	0.9945	0.9237
863	1.0120	1.0005	0.9293
864	0.9901	0.9792	0.9096
865	0.9735	0.9632	0.8949
866	0.8580	0.8490	0.7888
867	0.9250	0.9155	0.8507
868	0.9690	0.9592	0.8914
869	0.9590	0.9496	0.8825
870	0.9770	0.9676	0.8993
871	0.9632	0.9539	0.8867
872	0.9760	0.9669	0.8989
873	0.9661	0.9572	0.8900
874	0.9491	0.9404	0.8745
875	0.9356	0.9269	0.8620
876	0.9620	0.9528	0.8863
877	0.9650	0.9562	0.8895
878	0.9620	0.9524	0.8861
879	0.9457	0.9366	0.8714
880	0.9486	0.9396	0.8743
881	0.9196	0.9086	0.8456
882	0.9441	0.9325	0.8679
883	0.9393	0.9293	0.8649
884	0.9435	0.9331	0.8686
885	0.9547	0.9442	0.8791
886	0.9256	0.9075	0.8452
887	0.9230	0.9106	0.8480
888	0.9407	0.9223	0.8590
889	0.9437	0.9346	0.8704
890	0.9424	0.9239	0.8608
891	0.9393	0.9258	0.8626
892	0.9326	0.9088	0.8469
893	0.9180	0.8733	0.8141
894	0.9240	0.8513	0.7941
895	0.9260	0.8136	0.7596
896	0.9343	0.7625	0.7127
897	0.9269	0.6657	0.6231
898	0.9238	0.7178	0.6714
899	0.9140	0.5487	0.5146
900	0.9138	0.7426	0.6943
901	0.8983	0.5993	0.5616
902	0.8772	0.6679	0.6250
903	0.9223	0.6889	0.6448
904	0.9210	0.8446	0.7886
905	0.9180	0.8171	0.7634
906	0.9078	0.7756	0.7250
907	0.9145	0.6385	0.5983
908	0.9014	0.6522	0.6109
909	0.8855	0.7043	0.6591
910	0.8950	0.6247	0.5855
911	0.8973	0.6681	0.6258
912	0.8902	0.6889	0.6451
913	0.9002	0.6283	0.5891
914	0.8982	0.6265	0.5874
915	0.8883	0.6784	0.6355
916	0.8947	0.5765	0.5410
917	0.8886	0.7302	0.6835
918	0.8881	0.5927	0.5561
919	0.8921	0.7388	0.6916
920	0.8854	0.7441	0.6966
921	0.8703	0.7805	0.7300
922	0.8628	0.7003	0.6558
923	0.8334	0.7450	0.6970
924	0.8696	0.7215	0.6757
925	0.8764	0.7111	0.6662
926	0.8456	0.7033	0.6588
927	0.8781	0.7874	0.7368
928	0.8711	0.5897	0.5536
929	0.8695	0.5513	0.5179
930	0.8687	0.4321	0.4068
931	0.8708	0.4092	0.3854
932	0.8651	0.3009	0.2839
933	0.8696	0.2484	0.2346
934	0.8671	0.1438	0.1360
935	0.8560	0.2508	0.2369
936	0.8522	0.1614	0.1527
937	0.8537	0.1634	0.1545
938	0.8594	0.2006	0.1896
939	0.8568	0.3989	0.3759
940	0.8400	0.4718	0.4441
941	0.8315	0.3720	0.3507
942	0.8062	0.4053	0.3819
943	0.8381	0.2783	0.2629
944	0.8185	0.2858	0.2699
945	0.8244	0.3682	0.3473
946	0.8314	0.1946	0.1841
947	0.8281	0.3711	0.3501
948	0.8314	0.2742	0.2591
949	0.8330	0.4940	0.4651
950	0.8287	0.1473	0.1394
951	0.8202	0.4838	0.4556
952	0.8240	0.2689	0.2542
953	0.8205	0.3436	0.3244
954	0.8120	0.4241	0.3999
955	0.7690	0.3412	0.3220
956	0.8020	0.3282	0.3100
957	0.8058	0.2707	0.2559
958	0.8115	0.4610	0.4345
959	0.8148	0.3739	0.3529
960	0.8063	0.4207	0.3969
961	0.7998	0.4612	0.4348
962	0.8017	0.4417	0.4166
963	0.7976	0.5050	0.4759
964	0.7881	0.4586	0.4324
965	0.7958	0.5037	0.4747
966	0.7860	0.5028	0.4738
967	0.7950	0.5024	0.4735
968	0.7853	0.6521	0.6130
969	0.7879	0.6862	0.6448
970	0.7914	0.6346	0.5969
971	0.7819	0.7140	0.6706
972	0.7879	0.6877	0.6463
973	0.7815	0.6065	0.5708
974	0.7688	0.5753	0.5417
975	0.7735	0.5899	0.5554
976	0.7805	0.5719	0.5387
977	0.7721	0.6386	0.6008
978	0.7780	0.6151	0.5790
979	0.7665	0.6382	0.6005
980	0.7751	0.6047	0.5694
981	0.7730	0.7134	0.6706
982	0.7788	0.6922	0.6510
983	0.7754	0.6687	0.6292
984	0.7688	0.7373	0.6929
985	0.7708	0.6882	0.6473
986	0.7662	0.7508	0.7055
987	0.7661	0.7393	0.6949
988	0.7637	0.7346	0.6906
989	0.7550	0.7491	0.7039
990	0.7569	0.7323	0.6884
991	0.7616	0.7536	0.7083
992	0.7571	0.7510	0.7060
993	0.7564	0.7373	0.6933
994	0.7585	0.7541	0.7089
995	0.7539	0.7518	0.7067
996	0.7535	0.7488	0.7041
997	0.7430	0.7397	0.6956
998	0.7430	0.7389	0.6948
999	0.7420	0.7386	0.6946
1000	0.7426	0.7353	0.6916
1001	0.7474	0.7444	0.7001
1002	0.7468	0.7281	0.6850
1003	0.7384	0.7344	0.6909
1004	0.7313	0.7234	0.6806
1005	0.6837	0.6817	0.6414
1006	0.7177	0.7125	0.6705
1007	0.7309	0.7275	0.6846
1008	0.7334	0.7269	0.6841
1009	0.7293	0.7197	0.6774
1010	0.7306	0.7191	0.6770
1011	0.7256	0.7228	0.6803
1012	0.7250	0.7188	0.6767
1013	0.7196	0.7176	0.6756
1014	0.7227	0.7207	0.6785
1015	0.7106	0.7082	0.6668
1016	0.7142	0.7113	0.6698
1017	0.7066	0.7034	0.6624
1018	0.7157	0.7142	0.6726
1019	0.6961	0.6888	0.6488
1020	0.7013	0.6990	0.6584
1021	0.7030	0.7018	0.6611
1022	0.6930	0.6897	0.6498
1023	0.6990	0.6951	0.6549
1024	0.7006	0.6906	0.6508
1025	0.6992	0.6975	0.6573
1026	0.6994	0.6964	0.6563
1027	0.6959	0.6931	0.6532
1028	0.6972	0.6939	0.6540
1029	0.6900	0.6863	0.6469
1030	0.6921	0.6906	0.6509
1031	0.6899	0.6874	0.6480
1032	0.6896	0.6879	0.6485
1033	0.6780	0.6761	0.6375
1034	0.6818	0.6802	0.6414
1035	0.6840	0.6823	0.6435
1036	0.6843	0.6820	0.6432
1037	0.6773	0.6750	0.6366
1038	0.6740	0.6717	0.6336
1039	0.6790	0.6764	0.6380
1040	0.6744	0.6717	0.6337
1041	0.6749	0.6718	0.6338
1042	0.6752	0.6720	0.6341
1043	0.6686	0.6653	0.6277
1044	0.6720	0.6683	0.6307
1045	0.6685	0.6645	0.6271
1046	0.6513	0.6471	0.6108
1047	0.6616	0.6569	0.6201
1048	0.6678	0.6627	0.6256
1049	0.6649	0.6590	0.6221
1050	0.6612	0.6546	0.6180
1051	0.6618	0.6552	0.6186
1052	0.6585	0.6512	0.6149
1053	0.6570	0.6492	0.6130
1054	0.6547	0.6465	0.6105
1055	0.6575	0.6485	0.6124
1056	0.6563	0.6464	0.6106
1057	0.6554	0.6448	0.6091
1058	0.6494	0.6382	0.6029
1059	0.6305	0.6188	0.5845
1060	0.6483	0.6359	0.6007
1061	0.6339	0.6212	0.5869
1062	0.6465	0.6327	0.5978
1063	0.6367	0.6224	0.5882
1064	0.6462	0.6320	0.5972
1065	0.6453	0.6291	0.5946
1066	0.6314	0.6171	0.5833
1067	0.6352	0.6203	0.5864
1068	0.6359	0.6194	0.5856
1069	0.6008	0.5863	0.5543
1070	0.6217	0.6047	0.5718
1071	0.6282	0.6166	0.5830
1072	0.6313	0.6154	0.5819
1073	0.6180	0.6036	0.5709
1074	0.6306	0.6216	0.5878
1075	0.6177	0.5925	0.5605
1076	0.6247	0.6147	0.5814
1077	0.6243	0.6043	0.5718
1078	0.6253	0.6032	0.5708
1079	0.6120	0.6047	0.5721
1080	0.6225	0.5972	0.5652
1081	0.6073	0.5808	0.5497
1082	0.6025	0.5894	0.5577
1083	0.6090	0.5981	0.5660
1084	0.6139	0.5785	0.5478
1085	0.6118	0.5933	0.5616
1086	0.6157	0.5541	0.5250
1087	0.5915	0.5670	0.5369
1088	0.6073	0.5932	0.5616
1089	0.6091	0.5792	0.5486
1090	0.6044	0.5557	0.5266
1091	0.6080	0.5884	0.5572
1092	0.5969	0.5812	0.5505
1093	0.5922	0.5106	0.4842
1094	0.5607	0.5397	0.5112
1095	0.5825	0.5207	0.4936
1096	0.5860	0.5032	0.4773
1097	0.5910	0.5785	0.5481
1098	0.5870	0.5029	0.4771
1099	0.5822	0.5077	0.4816
1100	0.6000	0.4858	0.4611
1101	0.5990	0.4970	0.4717
1102	0.5820	0.4688	0.4451
1103	0.5950	0.4664	0.4429
1104	0.5930	0.4677	0.4441
1105	0.5910	0.5064	0.4807
1106	0.5900	0.3979	0.3784
1107	0.5860	0.4830	0.4587
1108	0.5865	0.4157	0.3952
1109	0.5855	0.4128	0.3925
1110	0.5870	0.4790	0.4550
1111	0.5825	0.3315	0.3157
1112	0.5834	0.4136	0.3933
1113	0.5780	0.2685	0.2560
1114	0.5840	0.2999	0.2858
1115	0.5820	0.2499	0.2383
1116	0.5750	0.2014	0.1922
1117	0.5830	0.0796	0.0762
1118	0.5722	0.2175	0.2076
1119	0.5715	0.1132	0.1082
1120	0.5685	0.1419	0.1356
1121	0.5720	0.1859	0.1775
1122	0.5750	0.0817	0.0782
1123	0.5740	0.1282	0.1226
1124	0.5725	0.1087	0.1040
1125	0.5701	0.1443	0.1379
1126	0.5530	0.0516	0.0494
1127	0.5618	0.1573	0.1503
1128	0.5683	0.0992	0.0949
1129	0.5684	0.1059	0.1013
1130	0.5640	0.0706	0.0676
1131	0.5680	0.2956	0.2820
1132	0.5700	0.2341	0.2236
1133	0.5619	0.1533	0.1466
1134	0.5635	0.0417	0.0400
1135	0.5625	0.0155	0.0148
1136	0.5648	0.1288	0.1232
1137	0.5520	0.2879	0.2747
1138	0.5440	0.2033	0.1943
1139	0.5530	0.2985	0.2848
1140	0.5557	0.2560	0.2445
1141	0.5430	0.1934	0.1849
1142	0.5553	0.2248	0.2148
1143	0.5496	0.3118	0.2976
1144	0.5450	0.1133	0.1084
1145	0.5500	0.1460	0.1398
1146	0.5541	0.1576	0.1509
1147	0.5541	0.0592	0.0567
1148	0.5503	0.2711	0.2590
1149	0.5479	0.2185	0.2089
1150	0.5462	0.1216	0.1165
1151	0.5453	0.2034	0.1945
1152	0.5417	0.2476	0.2367
1153	0.5431	0.2381	0.2276
1154	0.5465	0.1425	0.1364
1155	0.5473	0.3132	0.2990
1156	0.5402	0.2809	0.2684
1157	0.5437	0.3146	0.3004
1158	0.5433	0.3117	0.2977
1159	0.5355	0.3369	0.3216
1160	0.5293	0.2865	0.2737
1161	0.5190	0.3475	0.3317
1162	0.5334	0.3500	0.3341
1163	0.5371	0.4686	0.4464
1164	0.5268	0.4019	0.3833
1165	0.5348	0.3886	0.3708
1166	0.5223	0.3749	0.3578
1167	0.5298	0.4100	0.3911
1168	0.5342	0.4195	0.4002
1169	0.5164	0.4231	0.4035
1170	0.5288	0.4587	0.4373
1171	0.5307	0.4483	0.4275
1172	0.5306	0.4548	0.4337
1173	0.5269	0.4564	0.4352
1174	0.5276	0.3369	0.3219
1175	0.5185	0.4524	0.4314
1176	0.5104	0.4768	0.4545
1177	0.5230	0.4724	0.4504
1178	0.5170	0.3600	0.3439
1179	0.5150	0.4837	0.4611
1180	0.5220	0.4407	0.4205
1181	0.5184	0.4551	0.4342
1182	0.5174	0.3232	0.3090
1183	0.4882	0.4387	0.4185
1184	0.5110	0.4199	0.4008
1185	0.5161	0.4074	0.3891
1186	0.5152	0.4772	0.4552
1187	0.5146	0.4558	0.4349
1188	0.5101	0.3350	0.3204
1189	0.4840	0.4157	0.3969
1190	0.5058	0.4624	0.4412
1191	0.5135	0.4466	0.4264
1192	0.5118	0.4734	0.4517
1193	0.5106	0.4543	0.4337
1194	0.5113	0.4689	0.4475
1195	0.5059	0.4470	0.4267
1196	0.5056	0.4313	0.4119
1197	0.5029	0.4772	0.4553
1198	0.4922	0.4339	0.4143
1199	0.4743	0.3649	0.3487
1200	0.5001	0.4483	0.4279
1201	0.5058	0.4371	0.4174
1202	0.5071	0.4372	0.4174
1203	0.4884	0.4341	0.4144
1204	0.4870	0.3625	0.3465
1205	0.5020	0.4369	0.4171
1206	0.4987	0.4809	0.4587
1207	0.5014	0.4299	0.4104
1208	0.4896	0.4335	0.4138
1209	0.4664	0.4143	0.3955
1210	0.4923	0.4534	0.4327
1211	0.4791	0.4223	0.4032
1212	0.4906	0.4249	0.4057
1213	0.4919	0.4696	0.4480
1214	0.4893	0.4341	0.4144
1215	0.4904	0.4278	0.4085
1216	0.4888	0.4664	0.4451
1217	0.4876	0.4553	0.4346
1218	0.4860	0.4593	0.4384
1219	0.4823	0.4466	0.4264
1220	0.4843	0.4581	0.4372
1221	0.4834	0.4653	0.4441
1222	0.4813	0.4514	0.4310
1223	0.4760	0.4441	0.4240
1224	0.4822	0.4481	0.4279
1225	0.4793	0.4624	0.4414
1226	0.4803	0.4682	0.4470
1227	0.4684	0.4330	0.4136
1228	0.4744	0.4666	0.4454
1229	0.4773	0.4672	0.4461
1230	0.4750	0.4600	0.4393
1231	0.4743	0.4720	0.4507
1232	0.4690	0.4663	0.4453
1233	0.4712	0.4540	0.4336
1234	0.4695	0.4702	0.4489
1235	0.4664	0.4650	0.4441
1236	0.4686	0.4691	0.4480
1237	0.4679	0.4634	0.4426
1238	0.4675	0.4680	0.4469
1239	0.4624	0.4627	0.4419
1240	0.4597	0.4608	0.4401
1241	0.4644	0.4620	0.4413
1242	0.4617	0.4625	0.4418
1243	0.4566	0.4575	0.4371
1244	0.4554	0.4553	0.4350
1245	0.4560	0.4566	0.4362
1246	0.4588	0.4595	0.4390
1247	0.4578	0.4575	0.4372
1248	0.4608	0.4586	0.4383
1249	0.4601	0.4597	0.4393
1250	0.4586	0.4571	0.4368
1251	0.4564	0.4526	0.4326
1252	0.4520	0.4510	0.4311
1253	0.4537	0.4477	0.4280
1254	0.4536	0.4436	0.4242
1255	0.4530	0.4507	0.4309
1256	0.4519	0.4402	0.4210
1257	0.4488	0.4353	0.4163
1258	0.4512	0.4450	0.4255
1259	0.4480	0.4273	0.4087
1260	0.4502	0.4311	0.4124
1261	0.4493	0.4115	0.3937
1262	0.4425	0.3957	0.3787
1263	0.4483	0.4002	0.3830
1264	0.4420	0.3715	0.3557
1265	0.4427	0.3957	0.3787
1266	0.4462	0.3853	0.3688
1267	0.4391	0.3882	0.3716
1268	0.4359	0.3705	0.3548
1269	0.4404	0.2465	0.2366
1270	0.4421	0.3874	0.3709
1271	0.4429	0.4083	0.3906
1272	0.4413	0.4088	0.3911
1273	0.4408	0.4063	0.3887
1274	0.4381	0.4061	0.3886
1275	0.4407	0.4123	0.3946
1276	0.4419	0.4169	0.3990
1277	0.4419	0.4200	0.4019
1278	0.4407	0.4276	0.4092
1279	0.4380	0.4246	0.4063
1280	0.4354	0.4220	0.4039
1281	0.4227	0.4134	0.3955
1282	0.3759	0.3731	0.3570
1283	0.4116	0.4073	0.3898
1284	0.4267	0.4208	0.4027
1285	0.4291	0.4240	0.4058
1286	0.4288	0.4271	0.4088
1287	0.4304	0.4221	0.4041
1288	0.4268	0.4199	0.4019
1289	0.4276	0.4094	0.3919
1290	0.4185	0.4129	0.3952
1291	0.4216	0.4179	0.4000
1292	0.4228	0.3962	0.3795
1293	0.4226	0.4126	0.3951
1294	0.4162	0.4042	0.3871
1295	0.4194	0.4051	0.3880
1296	0.4198	0.3896	0.3732
1297	0.4172	0.3713	0.3558
1298	0.4126	0.3918	0.3754
1299	0.4170	0.4085	0.3913
1300	0.4154	0.3531	0.3386
1301	0.4140	0.3623	0.3473
1302	0.4096	0.3918	0.3754
1303	0.4077	0.3462	0.3320
1304	0.4063	0.3006	0.2885
1305	0.4103	0.3838	0.3678
1306	0.4104	0.3845	0.3685
1307	0.4096	0.3059	0.2936
1308	0.4087	0.3470	0.3328
1309	0.4091	0.3841	0.3682
1310	0.4071	0.3011	0.2891
1311	0.4061	0.3337	0.3201
1312	0.4032	0.3334	0.3199
1313	0.3908	0.3135	0.3009
1314	0.4027	0.2883	0.2769
1315	0.3916	0.2858	0.2745
1316	0.3942	0.3242	0.3111
1317	0.4012	0.3122	0.2997
1318	0.3955	0.3333	0.3198
1319	0.4009	0.2686	0.2580
1320	0.3988	0.2587	0.2486
1321	0.3955	0.2987	0.2868
1322	0.3954	0.3022	0.2902
1323	0.3950	0.2328	0.2239
1324	0.3952	0.2625	0.2523
1325	0.3937	0.3222	0.3094
1326	0.3923	0.2805	0.2696
1327	0.3888	0.2663	0.2559
1328	0.3906	0.2345	0.2256
1329	0.3795	0.1776	0.1710
1330	0.3855	0.2292	0.2205
1331	0.3877	0.1448	0.1395
1332	0.3785	0.1458	0.1405
1333	0.3870	0.2030	0.1955
1334	0.3868	0.1693	0.1630
1335	0.3856	0.2312	0.2224
1336	0.3823	0.1835	0.1767
1337	0.3829	0.1645	0.1585
1338	0.3809	0.1780	0.1715
1339	0.3757	0.1768	0.1703
1340	0.3744	0.1683	0.1622
1341	0.3817	0.1704	0.1642
1342	0.3802	0.1780	0.1715
1343	0.3798	0.1271	0.1226
1344	0.3799	0.0756	0.0730
1345	0.3795	0.1090	0.1052
1346	0.3755	0.0582	0.0562
1347	0.3776	0.0601	0.0581
1348	0.3766	0.0047	0.0046
1349	0.3755	0.0162	0.0156
1350	0.3708	0.0160	0.0155
1351	0.3717	0.0046	0.0045
1352	0.3753	0.0015	0.0015
1353	0.3740	9.6096e-05	9.2918e-05
1354	0.3729	2.9009e-04	2.8051e-04
1355	0.3683	3.6034e-06	3.4847e-06
1356	0.3688	4.8070e-05	4.6489e-05
1357	0.3644	7.1786e-05	6.9429e-05
1358	0.3700	4.1948e-06	4.0575e-06
1359	0.3690	7.3439e-07	7.1040e-07
1360	0.3646	2.1404e-06	2.0706e-06
1361	0.3703	4.8133e-09	4.6566e-09
1362	0.3694	1.8076e-11	1.7489e-11
1363	0.3619	3.1563e-06	3.0540e-06
1364	0.3668	1.3589e-06	1.3150e-06
1365	0.3663	9.0764e-12	8.7833e-12
1366	0.3659	1.2791e-05	1.2379e-05
1367	0.3624	4.9764e-06	4.8161e-06
1368	0.3656	1.4810e-13	1.4311e-13
1369	0.3589	5.1667e-07	5.0008e-07
1370	0.3591	2.9200e-07	2.8266e-07
1371	0.3595	1.9731e-08	1.9101e-08
1372	0.3631	2.7498e-06	2.6623e-06
1373	0.3629	4.4401e-05	4.2991e-05
1374	0.3629	1.7917e-04	1.7350e-04
1375	0.3575	3.2332e-04	3.1309e-04
1376	0.3535	2.5748e-04	2.4935e-04
1377	0.3579	1.2270e-04	1.1883e-04
1378	0.3565	0.0011	0.0011
1379	0.3604	5.2164e-05	5.0533e-05
1380	0.3568	8.1587e-05	7.9042e-05
1381	0.3578	2.3716e-06	2.2978e-06
1382	0.3527	2.5672e-06	2.4874e-06
1383	0.3538	4.4017e-08	4.2653e-08
1384	0.3559	6.1689e-07	5.9782e-07
1385	0.3524	2.0899e-06	2.0255e-06
1386	0.3549	2.5215e-06	2.4441e-06
1387	0.3514	1.9896e-04	1.9288e-04
1388	0.3528	4.0262e-06	3.9037e-06
1389	0.3541	5.8098e-04	5.6338e-04
1390	0.3474	4.9328e-04	4.7836e-04
1391	0.3524	3.4384e-04	3.3345e-04
1392	0.3518	2.3782e-05	2.3065e-05
1393	0.3501	1.1586e-04	1.1238e-04
1394	0.3476	7.5526e-05	7.3268e-05
1395	0.3475	6.7136e-07	6.5137e-07
1396	0.3494	6.3215e-09	6.1338e-09
1397	0.3493	4.9057e-05	4.7605e-05
1398	0.3495	0.0013	0.0012
1399	0.3489	8.1226e-04	7.8835e-04
1400	0.3390	3.2466e-09	3.1513e-09
1401	0.3393	1.0528e-08	1.0219e-08
1402	0.3441	0.0018	0.0018
1403	0.3401	0.0024	0.0023
1404	0.3411	7.3892e-04	7.1755e-04
1405	0.3401	3.6444e-07	3.5395e-07
1406	0.3416	0.0020	0.0020
1407	0.3409	1.7457e-04	1.6957e-04
1408	0.3401	0.0016	0.0016
1409	0.3412	6.1919e-04	6.0159e-04
1410	0.3405	4.6653e-04	4.5332e-04
1411	0.3377	0.0021	0.0021
1412	0.3292	0.0026	0.0026
1413	0.3329	0.0234	0.0227
1414	0.3370	3.6378e-04	3.5359e-04
1415	0.3371	1.8366e-04	1.7854e-04
1416	0.3350	0.0356	0.0346
1417	0.3375	0.0118	0.0114
1418	0.3377	0.0136	0.0132
1419	0.3339	0.0021	0.0021
1420	0.3327	0.0083	0.0080
1421	0.3359	0.0092	0.0089
1422	0.3288	0.0463	0.0450
1423	0.3288	0.0092	0.0090
1424	0.3277	0.0170	0.0165
1425	0.3326	0.0259	0.0251
1426	0.3231	0.0278	0.0270
1427	0.3275	0.0495	0.0482
1428	0.3304	0.0046	0.0044
1429	0.3235	0.0380	0.0370
1430	0.3228	0.0616	0.0599
1431	0.3242	0.0502	0.0488
1432	0.3311	0.0025	0.0025
1433	0.3307	0.0358	0.0349
1434	0.3251	0.0210	0.0204
1435	0.3273	0.0214	0.0208
1436	0.3266	0.0384	0.0373
1437	0.3279	0.0299	0.0291
1438	0.3260	0.0133	0.0129
1439	0.3286	0.0510	0.0497
1440	0.3127	0.0396	0.0385
1441	0.3170	0.0318	0.0310
1442	0.3158	0.0363	0.0354
1443	0.3178	0.0451	0.0439
1444	0.3191	0.0618	0.0601
1445	0.3193	0.0498	0.0484
1446	0.3214	0.0231	0.0225
1447	0.3176	0.0362	0.0353
1448	0.3210	0.1157	0.1125
1449	0.3203	0.1021	0.0994
1450	0.3177	0.0274	0.0267
1451	0.3137	0.0113	0.0110
1452	0.3136	0.0624	0.0607
1453	0.3154	0.0820	0.0798
1454	0.3128	0.1376	0.1338
1455	0.3121	0.0662	0.0644
1456	0.3096	0.0885	0.0862
1457	0.3124	0.1170	0.1139
1458	0.3161	0.1364	0.1327
1459	0.3175	0.1631	0.1586
1460	0.3137	0.0854	0.0832
1461	0.3131	0.0903	0.0879
1462	0.3102	0.1306	0.1271
1463	0.3082	0.0432	0.0421
1464	0.3082	0.1518	0.1477
1465	0.3116	0.0934	0.0909
1466	0.3070	0.0652	0.0635
1467	0.3132	0.0361	0.0351
1468	0.3075	0.0769	0.0749
1469	0.3120	0.0948	0.0923
1470	0.3101	0.0497	0.0484
1471	0.3041	0.0178	0.0174
1472	0.3058	0.0468	0.0456
1473	0.3055	0.0702	0.0684
1474	0.2971	0.0973	0.0948
1475	0.3035	0.1846	0.1795
1476	0.3037	0.0688	0.0670
1477	0.3025	0.0697	0.0679
1478	0.3023	0.0635	0.0618
1479	0.3046	0.1200	0.1168
1480	0.3063	0.0606	0.0591
1481	0.3018	0.1153	0.1122
1482	0.3046	0.0585	0.0570
1483	0.2981	0.1486	0.1445
1484	0.3017	0.1375	0.1338
1485	0.3061	0.1250	0.1217
1486	0.3017	0.1234	0.1201
1487	0.2999	0.0606	0.0590
1488	0.2653	0.0942	0.0917
1489	0.2991	0.1897	0.1844
1490	0.3009	0.1748	0.1699
1491	0.3018	0.1978	0.1922
1492	0.2977	0.1644	0.1599
1493	0.3020	0.1816	0.1765
1494	0.3019	0.2037	0.1979
1495	0.3007	0.1825	0.1775
1496	0.2914	0.1685	0.1639
1497	0.2968	0.2285	0.2220
1498	0.2995	0.1897	0.1844
1499	0.2953	0.2176	0.2114
1500	0.3008	0.2506	0.2434
1501	0.2999	0.2655	0.2578
1502	0.2974	0.2336	0.2269
1503	0.2692	0.1849	0.1797
1504	0.2832	0.1603	0.1559
1505	0.2715	0.1840	0.1789
1506	0.2837	0.2577	0.2503
1507	0.2938	0.2551	0.2478
1508	0.2903	0.2430	0.2361
1509	0.2881	0.1869	0.1817
1510	0.2939	0.2705	0.2627
1511	0.2945	0.2647	0.2571
1512	0.2885	0.2607	0.2532
1513	0.2873	0.2424	0.2354
1514	0.2850	0.2257	0.2193
1515	0.2881	0.2657	0.2580
1516	0.2872	0.2568	0.2494
1517	0.2853	0.2493	0.2421
1518	0.2897	0.2521	0.2449
1519	0.2850	0.2444	0.2374
1520	0.2879	0.2645	0.2569
1521	0.2808	0.2751	0.2671
1522	0.2803	0.2638	0.2562
1523	0.2845	0.2800	0.2719
1524	0.2846	0.2754	0.2674
1525	0.2785	0.2588	0.2514
1526	0.2860	0.2675	0.2598
1527	0.2830	0.2622	0.2547
1528	0.2849	0.2793	0.2712
1529	0.2829	0.2724	0.2646
1530	0.2673	0.2552	0.2479
1531	0.2827	0.2697	0.2620
1532	0.2826	0.2784	0.2704
1533	0.2804	0.2771	0.2692
1534	0.2754	0.2689	0.2612
1535	0.2775	0.2669	0.2592
1536	0.2806	0.2746	0.2668
1537	0.2810	0.2734	0.2656
1538	0.2734	0.2720	0.2643
1539	0.2781	0.2730	0.2652
1540	0.2686	0.2649	0.2574
1541	0.2730	0.2690	0.2614
1542	0.2754	0.2693	0.2617
1543	0.2750	0.2721	0.2644
1544	0.2772	0.2721	0.2644
1545	0.2777	0.2771	0.2692
1546	0.2772	0.2748	0.2671
1547	0.2735	0.2731	0.2654
1548	0.2670	0.2668	0.2592
1549	0.2727	0.2734	0.2657
1550	0.2696	0.2699	0.2623
1551	0.2708	0.2706	0.2629
1552	0.2740	0.2718	0.2642
1553	0.2709	0.2713	0.2637
1554	0.2650	0.2647	0.2573
1555	0.2671	0.2676	0.2601
1556	0.2629	0.2631	0.2557
1557	0.2701	0.2706	0.2630
1558	0.2681	0.2685	0.2609
1559	0.2678	0.2681	0.2605
1560	0.2655	0.2657	0.2582
1561	0.2697	0.2700	0.2624
1562	0.2683	0.2676	0.2600
1563	0.2669	0.2667	0.2592
1564	0.2631	0.2626	0.2553
1565	0.2668	0.2673	0.2598
1566	0.2626	0.2625	0.2551
1567	0.2635	0.2631	0.2557
1568	0.2604	0.2572	0.2500
1569	0.2628	0.2545	0.2474
1570	0.2607	0.2418	0.2350
1571	0.2667	0.2351	0.2285
1572	0.2669	0.2378	0.2311
1573	0.2634	0.2341	0.2275
1574	0.2622	0.2415	0.2346
1575	0.2474	0.2397	0.2329
1576	0.2603	0.2468	0.2398
1577	0.2369	0.2160	0.2099
1578	0.2572	0.2352	0.2285
1579	0.2617	0.2367	0.2301
1580	0.2638	0.2446	0.2377
1581	0.2648	0.2487	0.2417
1582	0.2541	0.2420	0.2351
1583	0.2577	0.2476	0.2405
1584	0.2545	0.2490	0.2419
1585	0.2620	0.2587	0.2514
1586	0.2582	0.2557	0.2484
1587	0.2549	0.2530	0.2458
1588	0.2505	0.2511	0.2439
1589	0.2315	0.2323	0.2257
1590	0.2415	0.2418	0.2349
1591	0.2413	0.2420	0.2350
1592	0.2529	0.2523	0.2450
1593	0.2575	0.2583	0.2509
1594	0.2564	0.2562	0.2489
1595	0.2577	0.2582	0.2508
1596	0.2445	0.2445	0.2375
1597	0.2485	0.2469	0.2399
1598	0.2563	0.2542	0.2469
1599	0.2498	0.2420	0.2351
1600	0.2526	0.2381	0.2313
1601	0.2449	0.2232	0.2169
1602	0.2486	0.2241	0.2178
1603	0.2490	0.2240	0.2177
1604	0.2500	0.2284	0.2220
1605	0.2470	0.2368	0.2301
1606	0.2475	0.2414	0.2345
1607	0.2454	0.2330	0.2264
1608	0.2500	0.2299	0.2234
1609	0.2486	0.2273	0.2209
1610	0.2331	0.2176	0.2115
1611	0.2408	0.2268	0.2204
1612	0.2413	0.2308	0.2242
1613	0.2458	0.2372	0.2305
1614	0.2435	0.2384	0.2316
1615	0.2443	0.2410	0.2342
1616	0.2325	0.2305	0.2240
1617	0.2364	0.2347	0.2280
1618	0.2442	0.2435	0.2366
1619	0.2422	0.2410	0.2342
1620	0.2341	0.2345	0.2278
1621	0.2339	0.2343	0.2277
1622	0.2370	0.2375	0.2308
1623	0.2417	0.2425	0.2356
1624	0.2424	0.2427	0.2358
1625	0.2375	0.2378	0.2311
1626	0.2396	0.2397	0.2329
1627	0.2404	0.2408	0.2340
1628	0.2415	0.2413	0.2345
1629	0.2411	0.2414	0.2346
1630	0.2366	0.2365	0.2298
1631	0.2393	0.2381	0.2314
1632	0.2388	0.2382	0.2315
1633	0.2359	0.2327	0.2261
1634	0.2328	0.2328	0.2263
1635	0.2374	0.2337	0.2271
1636	0.2368	0.2354	0.2288
1637	0.2275	0.2270	0.2206
1638	0.2271	0.2201	0.2139
1639	0.2221	0.2203	0.2141
1640	0.2257	0.2151	0.2091
1641	0.2239	0.2196	0.2135
1642	0.2240	0.2208	0.2147
1643	0.2288	0.2154	0.2094
1644	0.2257	0.2236	0.2173
1645	0.2251	0.2182	0.2122
1646	0.2290	0.2175	0.2115
1647	0.2291	0.2277	0.2214
1648	0.2290	0.2166	0.2106
1649	0.2235	0.2187	0.2126
1650	0.2284	0.2253	0.2190
1651	0.2237	0.2086	0.2028
1652	0.2280	0.2237	0.2175
1653	0.2253	0.2228	0.2166
1654	0.2265	0.2158	0.2099
1655	0.2239	0.2223	0.2162
1656	0.2261	0.2210	0.2149
1657	0.2256	0.2222	0.2161
1658	0.2253	0.2249	0.2187
1659	0.2222	0.2212	0.2151
1660	0.2241	0.2233	0.2172
1661	0.2254	0.2238	0.2177
1662	0.2242	0.2191	0.2131
1663	0.2227	0.2224	0.2163
1664	0.2225	0.2210	0.2150
1665	0.2214	0.2118	0.2061
1666	0.2185	0.1788	0.1741
1667	0.2202	0.2107	0.2050
1668	0.2162	0.2146	0.2088
1669	0.2181	0.2152	0.2094
1670	0.2221	0.2217	0.2157
1671	0.2210	0.2188	0.2129
1672	0.2121	0.2115	0.2058
1673	0.2161	0.2163	0.2105
1674	0.2191	0.2158	0.2100
1675	0.2162	0.2136	0.2079
1676	0.2132	0.2115	0.2058
1677	0.2155	0.2123	0.2067
1678	0.2159	0.2092	0.2037
1679	0.2130	0.2130	0.2074
1680	0.2064	0.2056	0.2002
1681	0.1985	0.1945	0.1894
1682	0.2034	0.2037	0.1983
1683	0.2089	0.2091	0.2036
1684	0.2120	0.1980	0.1928
1685	0.2131	0.2132	0.2076
1686	0.2103	0.2103	0.2048
1687	0.2112	0.2048	0.1995
1688	0.2108	0.2101	0.2047
1689	0.2081	0.2072	0.2018
1690	0.2085	0.2052	0.1999
1691	0.2120	0.1930	0.1881
1692	0.2121	0.2071	0.2017
1693	0.2112	0.2113	0.2059
1694	0.2107	0.2048	0.1995
1695	0.2106	0.2097	0.2043
1696	0.2096	0.2092	0.2038
1697	0.2085	0.1811	0.1765
1698	0.2088	0.2074	0.2021
1699	0.2080	0.2055	0.2002
1700	0.2054	0.1998	0.1946
1702	0.2052	0.2040	0.1987
1705	0.2043	0.1978	0.1928
1710	0.1989	0.1879	0.1832
1715	0.2019	0.1897	0.1849
1720	0.1980	0.1870	0.1823
1725	0.1969	0.1781	0.1737
1730	0.1931	0.1741	0.1698
1735	0.1820	0.1615	0.1576
1740	0.1900	0.1682	0.1641
1745	0.1862	0.1548	0.1511
1750	0.1852	0.1657	0.1616
1755	0.1851	0.1530	0.1493
1760	0.1824	0.1600	0.1561
1765	0.1814	0.1328	0.1297
1770	0.1797	0.1417	0.1383
1775	0.1760	0.1148	0.1121
1780	0.1755	0.1005	0.0981
1785	0.1741	0.0770	0.0752
1790	0.1737	0.0889	0.0868
1795	0.1710	0.0469	0.0459
1800	0.1680	0.0318	0.0311
1805	0.1688	0.0148	0.0145
1810	0.1686	0.0097	0.0095
1815	0.1550	0.0033	0.0032
1820	0.1600	9.8755e-04	9.6578e-04
1825	0.1626	0.0013	0.0012
1830	0.1592	5.2041e-06	5.0896e-06
1835	0.1576	6.4190e-06	6.2784e-06
1840	0.1555	6.2703e-08	6.1337e-08
1845	0.1529	6.2658e-06	6.1298e-06
1850	0.1534	2.9993e-06	2.9348e-06
1855	0.1513	2.8396e-07	2.7795e-07
1860	0.1493	1.1151e-05	1.0920e-05
1865	0.1471	1.6982e-05	1.6644e-05
1870	0.1457	2.6662e-10	2.6148e-10
1875	0.1323	4.5130e-10	4.4296e-10
1880	0.1467	7.7505e-05	7.6123e-05
1885	0.1457	4.3890e-05	4.3129e-05
1890	0.1404	2.2333e-04	2.1956e-04
1895	0.1384	1.2947e-04	1.2743e-04
1900	0.1404	8.6221e-07	8.4916e-07
1905	0.1390	5.6667e-07	5.5798e-07
1910	0.1365	2.3045e-05	2.2726e-05
1915	0.1361	1.9947e-05	1.9673e-05
1920	0.1346	4.5069e-04	4.4451e-04
1925	0.1345	9.3615e-04	9.2326e-04
1930	0.1315	5.5242e-04	5.4474e-04
1935	0.1324	0.0036	0.0035
1940	0.1295	0.0033	0.0032
1945	0.1195	0.0109	0.0107
1950	0.1263	0.0167	0.0165
1955	0.1283	0.0100	0.0099
1960	0.1261	0.0219	0.0216
1965	0.1229	0.0286	0.0281
1970	0.1238	0.0488	0.0481
1975	0.1215	0.0679	0.0667
1980	0.1197	0.0755	0.0742
1985	0.1190	0.0831	0.0816
1990	0.1198	0.0856	0.0841
1995	0.1168	0.0812	0.0798
2000	0.1167	0.0382	0.0375
2005	0.1150	0.0150	0.0147
2010	0.1151	0.0397	0.0391
2015	0.1140	0.0266	0.0262
2020	0.1119	0.0450	0.0442
2025	0.1118	0.0740	0.0728
2030	0.1097	0.0849	0.0835
2035	0.1092	0.0964	0.0948
2040	0.1072	0.0898	0.0883
2045	0.1076	0.0911	0.0896
2050	0.1059	0.0679	0.0669
2055	0.1047	0.0549	0.0541
2060	0.1032	0.0692	0.0682
2065	0.1018	0.0619	0.0610
2070	0.1010	0.0657	0.0647
2075	0.1010	0.0774	0.0763
2080	0.0993	0.0868	0.0855
2085	0.0983	0.0851	0.0838
2090	0.0975	0.0891	0.0878
2095	0.0960	0.0897	0.0884
2100	0.0962	0.0861	0.0849
2105	0.0958	0.0932	0.0918
2110	0.0946	0.0897	0.0883
2115	0.0939	0.0917	0.0903
2120	0.0931	0.0876	0.0863
2125	0.0922	0.0886	0.0873
2130	0.0924	0.0898	0.0884
2135	0.0911	0.0900	0.0887
2140	0.0911	0.0908	0.0894
2145	0.0899	0.0895	0.0881
2150	0.0897	0.0846	0.0834
2155	0.0889	0.0848	0.0836
2160	0.0879	0.0842	0.0829
2165	0.0820	0.0763	0.0752
2170	0.0854	0.0820	0.0808
2175	0.0858	0.0804	0.0793
2180	0.0846	0.0818	0.0806
2185	0.0847	0.0746	0.0735
2190	0.0831	0.0791	0.0779
2195	0.0835	0.0790	0.0778
2200	0.0828	0.0712	0.0702
2205	0.0809	0.0740	0.0729
2210	0.0808	0.0793	0.0782
2215	0.0804	0.0763	0.0752
2220	0.0800	0.0777	0.0766
2225	0.0788	0.0755	0.0744
2230	0.0784	0.0758	0.0747
2235	0.0779	0.0743	0.0733
2240	0.0765	0.0731	0.0721
2245	0.0763	0.0708	0.0699
2250	0.0754	0.0719	0.0710
2255	0.0743	0.0677	0.0669
2260	0.0741	0.0669	0.0661
2265	0.0733	0.0681	0.0674
2270	0.0731	0.0649	0.0641
2275	0.0726	0.0640	0.0633
2280	0.0714	0.0663	0.0656
2285	0.0714	0.0631	0.0624
2290	0.0712	0.0632	0.0625
2295	0.0693	0.0613	0.0606
2300	0.0696	0.0588	0.0582
2305	0.0694	0.0592	0.0585
2310	0.0689	0.0639	0.0632
2315	0.0682	0.0581	0.0575
2320	0.0676	0.0520	0.0515
2325	0.0656	0.0562	0.0556
2330	0.0662	0.0568	0.0562
2335	0.0657	0.0580	0.0574
2340	0.0652	0.0458	0.0454
2345	0.0651	0.0514	0.0509
2350	0.0643	0.0415	0.0411
2355	0.0626	0.0475	0.0470
2360	0.0631	0.0502	0.0497
2365	0.0630	0.0494	0.0489
2370	0.0624	0.0308	0.0305
2375	0.0614	0.0441	0.0437
2380	0.0618	0.0426	0.0421
2385	0.0591	0.0308	0.0305
2390	0.0604	0.0371	0.0367
2395	0.0601	0.0406	0.0402
2400	0.0597	0.0442	0.0437
2405	0.0594	0.0336	0.0333
2410	0.0592	0.0338	0.0335
2415	0.0570	0.0273	0.0271
2420	0.0578	0.0266	0.0264
2425	0.0573	0.0331	0.0328
2430	0.0572	0.0451	0.0447
2435	0.0565	0.0149	0.0148
2440	0.0563	0.0432	0.0429
2445	0.0556	0.0208	0.0207
2450	0.0546	0.0136	0.0135
2455	0.0542	0.0249	0.0247
2460	0.0545	0.0334	0.0332
2465	0.0543	0.0241	0.0240
2470	0.0534	0.0167	0.0166
2475	0.0534	0.0165	0.0164
2480	0.0521	0.0080	0.0080
2485	0.0518	0.0056	0.0056
2490	0.0522	0.0035	0.0035
2495	0.0489	0.0029	0.0029
2500	0.0514	0.0071	0.0070
2505	0.0508	0.0015	0.0015
2510	0.0496	0.0022	0.0022
2515	0.0488	5.1880e-04	5.1644e-04
2520	0.0481	3.7054e-04	3.6879e-04
2525	0.0477	4.1393e-05	4.1194e-05
2530	0.0477	6.3593e-07	6.3279e-07
2535	0.0471	1.7502e-07	1.7415e-07
2540	0.0468	3.7716e-07	3.7521e-07
2545	0.0466	5.3758e-11	5.3469e-11
2550	0.0463	2.8222e-13	2.8066e-13
2555	0.0459	1.0435e-09	1.0377e-09
2560	0.0454	3.1020e-11	3.0842e-11
2565	0.0452	1.5955e-14	1.5846e-14
2570	0.0449	1.5258e-18	1.5151e-18
2575	0.0445	1.0786e-27	1.0708e-27
2580	0.0441	3.8214e-22	3.7933e-22
2585	0.0433	1.7194e-34	1.7064e-34
2590	0.0434	5.4793e-31	5.4369e-31
2595	0.0430	2.2838e-33	2.2666e-33
2600	0.0429	4.4912e-28	4.4556e-28
2605	0.0428	5.8053e-35	5.7592e-35
2610	0.0425	5.9447e-34	5.8970e-34
2615	0.0423	1.1196e-37	1.1106e-37
2620	0.0419	5.6505e-29	5.6056e-29
2625	0.0406	3.8687e-28	3.8378e-28
2630	0.0412	2.8026e-45	2.8026e-45
2635	0.0410	3.9027e-16	3.8719e-16
2640	0.0402	1.1750e-16	1.1657e-16
2645	0.0402	8.9988e-19	8.9292e-19
2650	0.0400	1.4295e-19	1.4186e-19
2655	0.0396	1.3133e-27	1.3036e-27
2660	0.0395	2.6068e-25	2.5880e-25
2665	0.0390	1.1123e-37	1.1045e-37
2670	0.0391	0	0
2675	0.0386	0	0
2680	0.0384	0	0
2685	0.0382	0	0
2690	0.0378	1.0226e-29	1.0178e-29
2695	0.0375	7.1284e-33	7.1014e-33
2700	0.0371	0	0
2705	0.0369	2.9315e-42	2.9273e-42
2710	0.0367	1.1250e-35	1.1239e-35
2715	0.0366	3.8557e-26	3.8549e-26
2720	0.0364	5.6052e-45	5.6052e-45
2725	0.0361	7.2935e-22	7.3094e-22
2730	0.0360	6.0734e-19	6.0929e-19
2735	0.0357	5.4888e-21	5.5121e-21
2740	0.0355	2.3314e-27	2.3435e-27
2745	0.0354	1.3146e-23	1.3224e-23
2750	0.0352	1.6648e-28	1.6758e-28
2755	0.0349	6.7262e-44	6.7262e-44
2760	0.0346	0	0
2765	0.0344	2.6777e-27	2.7001e-27
2770	0.0343	8.3791e-24	8.4528e-24
2775	0.0339	3.9990e-38	4.0360e-38
2780	0.0336	4.8067e-34	4.8532e-34
2785	0.0334	3.8866e-27	3.9255e-27
2790	0.0332	1.2170e-16	1.2295e-16
2795	0.0329	3.6205e-16	3.6591e-16
2800	0.0328	1.6484e-12	1.6665e-12
2805	0.0325	6.7478e-14	6.8228e-14
2810	0.0324	4.0233e-10	4.0695e-10
2815	0.0323	2.8685e-10	2.9018e-10
2820	0.0321	2.0548e-11	2.0789e-11
2825	0.0318	1.7605e-07	1.7814e-07
2830	0.0317	3.9008e-06	3.9475e-06
2835	0.0315	2.1276e-10	2.1533e-10
2840	0.0312	1.9609e-07	1.9849e-07
2845	0.0310	4.0575e-05	4.1074e-05
2850	0.0307	1.1566e-06	1.1708e-06
2855	0.0304	4.4867e-07	4.5425e-07
2860	0.0302	2.5356e-05	2.5672e-05
2865	0.0300	1.6763e-04	1.6974e-04
2870	0.0296	6.3129e-06	6.3922e-06
2875	0.0294	3.9170e-04	3.9663e-04
2880	0.0294	2.4724e-04	2.5037e-04
2885	0.0292	4.5332e-04	4.5906e-04
2890	0.0291	1.8623e-04	1.8860e-04
2895	0.0290	0.0027	0.0027
2900	0.0288	8.1152e-04	8.2183e-04
2905	0.0287	1.1096e-04	1.1237e-04
2910	0.0285	0.0027	0.0028
2915	0.0282	0.0013	0.0013
2920	0.0280	0.0029	0.0029
2925	0.0278	0.0011	0.0011
2930	0.0276	0.0059	0.0060
2935	0.0273	0.0065	0.0066
2940	0.0271	0.0016	0.0016
2945	0.0268	0.0014	0.0015
2950	0.0267	0.0052	0.0053
2955	0.0266	0.0023	0.0024
2960	0.0264	0.0046	0.0047
2965	0.0263	0.0074	0.0075
2970	0.0261	3.5233e-04	3.5676e-04
2975	0.0260	8.5429e-04	8.6499e-04
2980	0.0258	0.0013	0.0014
2985	0.0257	0.0070	0.0070
2990	0.0255	0.0103	0.0104
2995	0.0254	0.0043	0.0043
3000	0.0253	0.0078	0.0079
3005	0.0251	0.0029	0.0029
3010	0.0250	0.0068	0.0069
3015	0.0249	0.0056	0.0056
3020	0.0247	6.3369e-04	6.4143e-04
3025	0.0245	0.0075	0.0076
3030	0.0244	0.0061	0.0061
3035	0.0242	0.0025	0.0025
3040	0.0239	0.0020	0.0020
3045	0.0240	0.0042	0.0043
3050	0.0240	0.0010	0.0010
3055	0.0239	2.8947e-04	2.9295e-04
3060	0.0238	0.0063	0.0064
3065	0.0235	0.0029	0.0029
3070	0.0234	0.0017	0.0018
3075	0.0234	0.0060	0.0061
3080	0.0232	0.0036	0.0037
3085	0.0230	0.0018	0.0018
3090	0.0228	0.0024	0.0024
3095	0.0226	6.5510e-04	6.6266e-04
3100	0.0224	0.0044	0.0045
3105	0.0223	9.2155e-04	9.3203e-04
3110	0.0221	8.4569e-04	8.5524e-04
3115	0.0218	0.0023	0.0023
3120	0.0217	0.0098	0.0099
3125	0.0216	0.0030	0.0031
3130	0.0215	0.0058	0.0058
3135	0.0214	0.0114	0.0116
3140	0.0212	0.0033	0.0034
3145	0.0211	0.0033	0.0033
3150	0.0209	0.0067	0.0067
3155	0.0208	0.0056	0.0057
3160	0.0207	0.0092	0.0093
3165	0.0207	0.0140	0.0142
3170	0.0205	0.0125	0.0126
3175	0.0205	0.0092	0.0093
3180	0.0203	0.0106	0.0107
3185	0.0202	0.0081	0.0082
3190	0.0202	0.0042	0.0043
3195	0.0201	0.0027	0.0027
3200	0.0199	4.3843e-04	4.4280e-04
3205	0.0199	3.0973e-04	3.1280e-04
3210	0.0198	1.3634e-04	1.3768e-04
3215	0.0196	4.9752e-04	5.0237e-04
3220	0.0195	0.0016	0.0016
3225	0.0194	1.9875e-04	2.0066e-04
3230	0.0194	3.4080e-04	3.4404e-04
3235	0.0193	0.0073	0.0074
3240	0.0192	0.0037	0.0038
3245	0.0191	7.3409e-04	7.4096e-04
3250	0.0191	0.0026	0.0026
3255	0.0189	0.0099	0.0100
3260	0.0188	0.0012	0.0012
3265	0.0187	0.0024	0.0025
3270	0.0186	0.0012	0.0012
3275	0.0185	0.0059	0.0060
3280	0.0184	0.0029	0.0029
3285	0.0183	0.0111	0.0112
3290	0.0183	0.0088	0.0088
3295	0.0180	0.0012	0.0012
3300	0.0179	0.0018	0.0018
3305	0.0179	0.0039	0.0040
3310	0.0177	0.0039	0.0040
3315	0.0176	1.6133e-05	1.6269e-05
3320	0.0173	5.9987e-05	6.0496e-05
3325	0.0173	0.0035	0.0035
3330	0.0171	0.0047	0.0047
3335	0.0170	0.0091	0.0091
3340	0.0169	0.0035	0.0035
3345	0.0168	0.0035	0.0036
3350	0.0166	0.0080	0.0081
3355	0.0165	0.0036	0.0037
3360	0.0164	0.0052	0.0053
3365	0.0163	0.0072	0.0073
3370	0.0162	0.0039	0.0040
3375	0.0161	0.0085	0.0085
3380	0.0160	0.0051	0.0052
3385	0.0160	0.0075	0.0076
3390	0.0159	0.0099	0.0100
3395	0.0158	0.0095	0.0096
3400	0.0156	0.0125	0.0126
3405	0.0157	0.0045	0.0045
3410	0.0155	0.0071	0.0072
3415	0.0155	0.0073	0.0074
3420	0.0154	0.0132	0.0133
3425	0.0153	0.0100	0.0101
3430	0.0152	0.0087	0.0088
3435	0.0152	0.0116	0.0117
3440	0.0151	0.0080	0.0081
3445	0.0150	0.0113	0.0114
3450	0.0149	0.0112	0.0113
3455	0.0149	0.0083	0.0084
3460	0.0148	0.0125	0.0127
3465	0.0148	0.0098	0.0099
3470	0.0147	0.0123	0.0124
3475	0.0146	0.0109	0.0111
3480	0.0145	0.0112	0.0113
3485	0.0145	0.0121	0.0122
3490	0.0144	0.0104	0.0105
3495	0.0143	0.0123	0.0124
3500	0.0142	0.0119	0.0120
3505	0.0142	0.0118	0.0119
3510	0.0141	0.0120	0.0121
3515	0.0140	0.0115	0.0116
3520	0.0139	0.0121	0.0122
3525	0.0139	0.0114	0.0115
3530	0.0138	0.0111	0.0112
3535	0.0138	0.0095	0.0095
3540	0.0137	0.0090	0.0091
3545	0.0137	0.0095	0.0096
3550	0.0136	0.0105	0.0106
3555	0.0135	0.0091	0.0091
3560	0.0134	0.0108	0.0109
3565	0.0134	0.0109	0.0109
3570	0.0133	0.0083	0.0084
3575	0.0132	0.0086	0.0087
3580	0.0131	0.0102	0.0103
3585	0.0131	0.0092	0.0092
3590	0.0130	0.0095	0.0095
3595	0.0129	0.0097	0.0097
3600	0.0129	0.0103	0.0103
3605	0.0128	0.0104	0.0104
3610	0.0127	0.0095	0.0095
3615	0.0127	0.0095	0.0095
3620	0.0126	0.0116	0.0117
3625	0.0126	0.0102	0.0103
3630	0.0125	0.0100	0.0100
3635	0.0125	0.0103	0.0104
3640	0.0124	0.0115	0.0115
3645	0.0124	0.0106	0.0107
3650	0.0123	0.0101	0.0102
3655	0.0122	0.0110	0.0110
3660	0.0122	0.0109	0.0110
3665	0.0122	0.0103	0.0103
3670	0.0120	0.0079	0.0079
3675	0.0120	0.0048	0.0049
3680	0.0119	0.0083	0.0084
3685	0.0118	0.0094	0.0095
3690	0.0118	0.0097	0.0097
3695	0.0117	0.0101	0.0102
3700	0.0116	0.0109	0.0109
3705	0.0116	0.0108	0.0108
3710	0.0115	0.0094	0.0094
3715	0.0115	0.0092	0.0093
3720	0.0114	0.0104	0.0104
3725	0.0114	0.0107	0.0108
3730	0.0113	0.0093	0.0093
3735	0.0113	0.0086	0.0086
3740	0.0111	0.0088	0.0089
3745	0.0111	0.0103	0.0104
3750	0.0110	0.0093	0.0093
3755	0.0110	0.0090	0.0090
3760	0.0109	0.0089	0.0089
3765	0.0109	0.0086	0.0086
3770	0.0109	0.0091	0.0092
3775	0.0108	0.0091	0.0091
3780	0.0107	0.0096	0.0096
3785	0.0107	0.0088	0.0088
3790	0.0106	0.0078	0.0078
3795	0.0106	0.0089	0.0089
3800	0.0105	0.0099	0.0099
3805	0.0105	0.0093	0.0093
3810	0.0104	0.0082	0.0083
3815	0.0104	0.0078	0.0078
3820	0.0103	0.0097	0.0097
3825	0.0103	0.0095	0.0095
3830	0.0103	0.0096	0.0096
3835	0.0102	0.0077	0.0077
3840	0.0102	0.0090	0.0090
3845	0.0101	0.0088	0.0088
3850	0.0101	0.0088	0.0089
3855	0.0100	0.0085	0.0085
3860	0.0099	0.0080	0.0080
3865	0.0099	0.0081	0.0081
3870	0.0098	0.0074	0.0074
3875	0.0098	0.0068	0.0068
3880	0.0098	0.0065	0.0066
3885	0.0097	0.0068	0.0068
3890	0.0097	0.0069	0.0069
3895	0.0096	0.0075	0.0075
3900	0.0096	0.0079	0.0079
3905	0.0096	0.0079	0.0080
3910	0.0095	0.0071	0.0072
3915	0.0095	0.0070	0.0070
3920	0.0094	0.0069	0.0070
3925	0.0094	0.0069	0.0069
3930	0.0093	0.0071	0.0071
3935	0.0093	0.0074	0.0074
3940	0.0092	0.0074	0.0074
3945	0.0092	0.0075	0.0076
3950	0.0091	0.0076	0.0076
3955	0.0091	0.0077	0.0077
3960	0.0090	0.0077	0.0078
3965	0.0090	0.0078	0.0078
3970	0.0089	0.0077	0.0077
3975	0.0089	0.0075	0.0075
3980	0.0088	0.0074	0.0074
3985	0.0088	0.0074	0.0075
3990	0.0088	0.0074	0.0074
3995	0.0087	0.0072	0.0072
4000	0.0087	0.0071	0.0071

